Auc : 0.889883651076971
confusion_matrix : [[69914     0]
 [   24    62]]

tau = 196.54246737957388